ResourceID,brocade.id,card,order,Acquisition Number,Acquisition Number Type,Acquisition Brocade ID,Acquisition Widget,Acquisition Identifier,source_field,source_code,Annotation,Annotation Language,Annotation Type,Archive Brocade ID,Archive Widget,Archive Identifier,Dimension Value,Dimension Type,Dimension Measurement Unit,Dimension Source Note,dataset,adm.id_mat,mpm_place_holder,Plaatsingsnummer,adm.uuid_mat,adm.acquiredVia,adm.isadPartOf,Volgnummer,Source Note,Warehouse Location (begin),Warehouse Location (end),Source Note Type,Source Note Language,Object Type,Keeper,Object Number,Object Number Type,Object Identifier,Object Identifier Type,source_date,Restriction Type,dams_uuid,db,Image Manifest,Image Manifest Type,Image URL,Image URL Type,museum,model
5e9b1460-c8f1-5a67-8db8-c53e1b25052b,tg:lhph:38068_#1,AA,0,,,,,,,,,,,,,,,,,,,,,,,,,,,,,,,,Letterenhuis,tg:lhph:38068_#1,record identifiers,https://data.letterenhuis.be/ark:/24970/5e9b1460-c8f1-5a67-8db8-c53e1b25052b,object identifier,,,,,,,,,,
5e9b1460-c8f1-5a67-8db8-c53e1b25052b,tg:lhph:38068_#1,e22_AcquisitionNumbers,1,218458/2318,aanwinst nummer,,,,,,,,,,,,,,,,,,,,,,,,,,,,,,,,,,,,,,,,,,,,
5e9b1460-c8f1-5a67-8db8-c53e1b25052b,tg:lhph:38068_#1,e22_Acquisitions,1,,,tr:lh:9510,"dlod={""name"":""Archief van Marcel de Backer"",""ark"":""ark:/24970/x0/2d09a17d-9be4-5535-9c37-184ba32458d7"",""uri"":""/repositories/11/accessions/1017573"",""id"":""tr:lh:9510"",""date"":""1997-07-09"",""granter"":""Lisette de Backer"",""isCapacity"":false,""orgID"":""lh"",""suggestType"":""accessions""}",ark:/24970/x0/2d09a17d-9be4-5535-9c37-184ba32458d7,,,,,,,,,,,,,,,,,,,,,,,,,,,,,,,,,,,,,,,,,
5e9b1460-c8f1-5a67-8db8-c53e1b25052b,tg:lhph:38068_#1,e22_Archives,1,,,,,,,,,,,isad:lh:95309,"dlod={""name"":""Negatieven van foto's door Marcel de Backer"",""ark"":""ark:/24970/x0/dfe27638-51b8-53e6-a620-eddd5e4f243c"",""uri"":""/repositories/11/archival_objects/10198066"",""id"":""isad:lh:95309"",""nameWithContext"":[""Werkstukken"",""Foto's""],""resourceName"":""Archief van Marcel de Backer"",""resourceArk"":""ark:/24970/x0/0a3ae1ff-5eda-5bf2-a857-65be1d758ff6"",""resourceURI"":""/repositories/11/resources/10197745"",""resourceID"":""isad:lh:95306"",""capacity"":""Negatieven van foto's door Marcel de Backer"",""isCapacity"":true,""orgID"":""lh"",""suggestType"":""archiveobject""}",ark:/24970/x0/dfe27638-51b8-53e6-a620-eddd5e4f243c,,,,,,,,,,,,,,,,,,,,,,,,,,,,,,,,,
5e9b1460-c8f1-5a67-8db8-c53e1b25052b,tg:lhph:38068_#1,e22_DimensionSourceNotes,1,,,,,,kenmerken.lhformatph,6 x 6,,,,,,,,,,"6 x 6 - height, width, kenmerken.lhformatph",,,,,,,,,,,,,,,,,,,,,,,,,,,,,
5e9b1460-c8f1-5a67-8db8-c53e1b25052b,tg:lhph:38068_#1,e22_Dimensions,,,,,,,kenmerken.lhformatph,,,,,,,,6,hoogte,millimeter,,,,,,,,,,,,,,,,,,,,,,,,,,,,,,
5e9b1460-c8f1-5a67-8db8-c53e1b25052b,tg:lhph:38068_#1,e22_Dimensions,,,,,,,kenmerken.lhformatph,,,,,,,,6,breedte,millimeter,,,,,,,,,,,,,,,,,,,,,,,,,,,,,,
5e9b1460-c8f1-5a67-8db8-c53e1b25052b,tg:lhph:38068_#1,e22_Items,1,,,,,,,,,,,,,,,,,,lhph,tg:lhph:38068_#1,218458/2318,B 1183 / P (NEG00249/2/4A),5e9b1460-c8f1-5a67-8db8-c53e1b25052b,tr:lh:9510,isad:lh:95309,,,,,,,,,,,,,,,,,,,,,,
5e9b1460-c8f1-5a67-8db8-c53e1b25052b,tg:lhph:38068_#1,e22_ObjectTypes,1,,,,,,kenmerken.lhtypeph,ZN,,,,,,,,,,,,,,,,,,,,,,,,black-and-white negatives,,,,,,,,,,,,,,,
5e9b1460-c8f1-5a67-8db8-c53e1b25052b,tg:lhph:38068_#1,e22_UsageRestrictions,,,,,,,id/date,,,,,,,,,,,,,,,,,,,,,,,,,,,,,,,1953.0,permission required,,,,,,,,
5e9b1460-c8f1-5a67-8db8-c53e1b25052b,tg:lhph:38068_#1,,,,,,,,,,,,,,,,,,,,,,,,,,,,,,,,,,,,,,,,,Z1nNQHgiccEcZSSbOCnVX2vo,lhph,https://dams.antwerpen.be/iiif/Z1nNQHgiccEcZSSbOCnVX2vo/manifest,DAMS Manifest,https://dams.antwerpen.be/asset/Z1nNQHgiccEcZSSbOCnVX2vo,DAMS Image,lhph,Foto
