ResourceID,brocade.id,card,order,Acquisition Brocade ID,Acquisition Widget,Acquisition Identifier,Acquisition Number,Acquisition Number Type,source_field,source_code,Annotation,Annotation Language,Annotation Type,Archive Brocade ID,Archive Widget,Archive Identifier,Document status,dataset,adm.acquiredVia,adm.id_mat,mpm_place_holder,adm.isadPartOf,Plaatsingsnummer,adm.uuid_mat,Volgnummer,Source Note,Warehouse Location (begin),Warehouse Location (end),Source Note Type,Source Note Language,Material,Product stadium,Production Technique Type,Keeper,Object Number,Object Number Type,Object Identifier,Object Identifier Type,Object Type,source_date,Restriction Type,dams_uuid,db,Image Manifest,Image Manifest Type,Image URL,Image URL Type,museum,model
60d7e919-b64a-5a8f-92fb-649276667c0d,tg:lhbr:163492_#1,AA,0,,,,,,,,,,,,,,,,,,,,,,,,,,,,,,,Letterenhuis,tg:lhbr:163492_#1,record identifiers,https://data.letterenhuis.be/ark:/24970/60d7e919-b64a-5a8f-92fb-649276667c0d,object identifier,,,,,,,,,,,
60d7e919-b64a-5a8f-92fb-649276667c0d,tg:lhbr:163492_#1,e22_AcquisitionNumbers,1,,,,148615,aanwinst nummer,,,,,,,,,,,,,,,,,,,,,,,,,,,,,,,,,,,,,,,,,
60d7e919-b64a-5a8f-92fb-649276667c0d,tg:lhbr:163492_#1,e22_Acquisitions,1,tr:lh:6356,"dlod={""name"":""Archief van Garmt Stuiveling"",""ark"":""ark:/24970/x0/fda41a3f-cd1a-52cc-996d-30f86996eec3"",""uri"":""/repositories/11/accessions/680095"",""id"":""tr:lh:6356"",""date"":""1987-03-30"",""granter"":""Mathilde van Vierssen Trip"",""isCapacity"":false,""orgID"":""lh"",""suggestType"":""accessions""}",ark:/24970/x0/fda41a3f-cd1a-52cc-996d-30f86996eec3,,,,,,,,,,,,,,,,,,,,,,,,,,,,,,,,,,,,,,,,,,,
60d7e919-b64a-5a8f-92fb-649276667c0d,tg:lhbr:163492_#1,e22_Archives,1,,,,,,,,,,,isad:lh:66695,"dlod={""name"":""Brieven van H.P.G. de Wringer"",""ark"":""ark:/24970/x0/9197747a-6514-59a3-bea0-33e9d710b97c"",""uri"":""/repositories/11/archival_objects/7136368"",""id"":""isad:lh:66695"",""nameWithContext"":[""Briefwisseling"",""Brieven aan Garmt Stuiveling per correspondent""],""resourceName"":""Archief van Garmt Stuiveling"",""resourceArk"":""ark:/24970/x0/46e97e67-295c-51d7-aadc-4d5889a26c7f"",""resourceURI"":""/repositories/11/resources/251025"",""resourceID"":""isad:lh:2346"",""capacity"":""Brieven van H.P.G. de Wringer"",""isCapacity"":true,""orgID"":""lh"",""suggestType"":""archiveobject""}",ark:/24970/x0/9197747a-6514-59a3-bea0-33e9d710b97c,,,,,,,,,,,,,,,,,,,,,,,,,,,,,,,,,
60d7e919-b64a-5a8f-92fb-649276667c0d,tg:lhbr:163492_#1,e22_Items,1,,,,,,,,,,,,,,,lhbr,tr:lh:6356,tg:lhbr:163492_#1,148615,isad:lh:66695,S 9657 / B2,60d7e919-b64a-5a8f-92fb-649276667c0d,,,,,,,,,,,,,,,,,,,,,,,,,
60d7e919-b64a-5a8f-92fb-649276667c0d,tg:lhbr:163492_#1,e22_ObjectTypes,1,,,,,,default_object_type,none,,,,,,,,,,,,,,,,,,,,,,,,,,,,,letters (correspondence),,,,,,,,,,
60d7e919-b64a-5a8f-92fb-649276667c0d,tg:lhbr:163492_#1,e22_UsageRestrictions,,,,,,,id/date,,,,,,,,,,,,,,,,,,,,,,,,,,,,,,,1956,permission required,,,,,,,,
