ResourceID,brocade.id,card,order,Acquisition Brocade ID,Acquisition Widget,Acquisition Identifier,Acquisition Number,Acquisition Number Type,source_field,source_code,Annotation,Annotation Language,Annotation Type,Archive Brocade ID,Archive Widget,Archive Identifier,carrier_type_source_field,Carrier Type,Dimension Value,Dimension Type,Dimension Measurement Unit,Dimension Source Note,dataset,adm.id_mat,mpm_place_holder,Plaatsingsnummer,adm.uuid_mat,adm.acquiredVia,adm.isadPartOf,Source Note,Volgnummer,Warehouse Location (begin),Source Note Type,Source Note Language,ire.isaar.uuid,ire.isaar.id,source role,Production Actor Role,Production Actor Widget,Production Actor Identifier,Keeper,Object Number,Object Number Type,Object Identifier,Object Identifier Type,Object Type,source_date,Restriction Type,dams_uuid,db,Image Manifest,Image Manifest Type,Image URL,Image URL Type,museum,model
4d444d24-eb1b-581a-9939-fb96070c9347,tg:lhps:4431_#1,AA,0,,,,,,,,,,,,,,,,,,,,,,,,,,,,,,,,,,,,,,Letterenhuis,tg:lhps:4431_#1,record identifiers,https://data.letterenhuis.be/ark:/24970/4d444d24-eb1b-581a-9939-fb96070c9347,object identifier,,,,,,,,,,,
4d444d24-eb1b-581a-9939-fb96070c9347,tg:lhps:4431_#1,e22_AcquisitionNumbers,1,,,,237915,aanwinst nummer,,,,,,,,,,,,,,,,,,,,,,,,,,,,,,,,,,,,,,,,,,,,,,,,
4d444d24-eb1b-581a-9939-fb96070c9347,tg:lhps:4431_#1,e22_DimensionSourceNotes,1,,,,,,kenmerken.lhformatps,70 x 40,,,,,,,,,,,,"70 x 40 - height, width, kenmerken.lhformatps",,,,,,,,,,,,,,,,,,,,,,,,,,,,,,,,,,
4d444d24-eb1b-581a-9939-fb96070c9347,tg:lhps:4431_#1,e22_Dimensions,,,,,,,kenmerken.lhformatps,,,,,,,,,,700,hoogte,millimeter,,,,,,,,,,,,,,,,,,,,,,,,,,,,,,,,,,,
4d444d24-eb1b-581a-9939-fb96070c9347,tg:lhps:4431_#1,e22_Dimensions,,,,,,,kenmerken.lhformatps,,,,,,,,,,400,breedte,millimeter,,,,,,,,,,,,,,,,,,,,,,,,,,,,,,,,,,,
4d444d24-eb1b-581a-9939-fb96070c9347,tg:lhps:4431_#1,e22_Items,1,,,,,,,,,,,,,,,,,,,,lhps,tg:lhps:4431_#1,237915,S 4685 / A,4d444d24-eb1b-581a-9939-fb96070c9347,,,,,,,,,,,,,,,,,,,,,,,,,,,,,
4d444d24-eb1b-581a-9939-fb96070c9347,tg:lhps:4431_#1,e22_ObjectTypes,1,,,,,,default_object_type,none,,,,,,,,,,,,,,,,,,,,,,,,,,,,,,,,,,,,posters,,,,,,,,,,
4d444d24-eb1b-581a-9939-fb96070c9347,tg:lhps:4431_#1,e22_ProductionActors,2,,,,,,,,,,,,,,,,,,,,,,,,,,,,,,,,5e1460fb-6626-5c54-ad96-c7500cc4f84c,au::20710:2:N,dr,printers (people),,,,,,,,,,,,,,,,,,
4d444d24-eb1b-581a-9939-fb96070c9347,tg:lhps:4431_#1,e22_UsageRestrictions,,,,,,,id/date,,,,,,,,,,,,,,,,,,,,,,,,,,,,,,,,,,,,,,1983.0,permission required,,,,,,,,
4d444d24-eb1b-581a-9939-fb96070c9347,tg:lhps:4431_#1,,,,,,,,,,,,,,,,,,,,,,,,,,,,,,,,,,,,,,,,,,,,,,,,QTPZoKBTPXnaaRLcTnmDaAoK,lhps,https://dams.antwerpen.be/iiif/QTPZoKBTPXnaaRLcTnmDaAoK/manifest,DAMS Manifest,https://dams.antwerpen.be/asset/QTPZoKBTPXnaaRLcTnmDaAoK,DAMS Image,lhps,Affiche
