ResourceID,brocade.id,card,order,Acquisition Brocade ID,Acquisition Widget,Acquisition Identifier,Acquisition Number,Acquisition Number Type,source_field,source_code,Annotation,Annotation Language,Annotation Type,Archive Brocade ID,Archive Widget,Archive Identifier,Document status,dataset,adm.acquiredVia,adm.id_mat,mpm_place_holder,adm.isadPartOf,Plaatsingsnummer,adm.uuid_mat,Volgnummer,Source Note,Warehouse Location (begin),Warehouse Location (end),Source Note Type,Source Note Language,Material,Product stadium,Production Technique Type,Keeper,Object Number,Object Number Type,Object Identifier,Object Identifier Type,Object Type,source_date,Restriction Type,dams_uuid,db,Image Manifest,Image Manifest Type,Image URL,Image URL Type,museum,model
b8c9085c-1fe4-504f-9763-af6e0dce210a,tg:lhbr:259582_#1,AA,0,,,,,,,,,,,,,,,,,,,,,,,,,,,,,,,Letterenhuis,tg:lhbr:259582_#1,record identifiers,https://data.letterenhuis.be/ark:/24970/b8c9085c-1fe4-504f-9763-af6e0dce210a,object identifier,,,,,,,,,,,
b8c9085c-1fe4-504f-9763-af6e0dce210a,tg:lhbr:259582_#1,e22_Acquisitions,1,tr:lh:9770,"dlod={""name"":""Archief van Karel Jonckheere"",""ark"":""ark:/24970/x0/b36068c5-a323-5a15-9753-77bc019bb5b7"",""uri"":""/repositories/11/accessions/1045393"",""id"":""tr:lh:9770"",""date"":""2005-10-15"",""granter"":""Floris Jonckheere"",""isCapacity"":false,""orgID"":""lh"",""suggestType"":""accessions""}",ark:/24970/x0/b36068c5-a323-5a15-9753-77bc019bb5b7,,,,,,,,,,,,,,,,,,,,,,,,,,,,,,,,,,,,,,,,,,,
b8c9085c-1fe4-504f-9763-af6e0dce210a,tg:lhbr:259582_#1,e22_Archives,1,,,,,,,,,,,isad:lh:148588,"dlod={""name"":""Brieven van Myriam Schroyens"",""ark"":""ark:/24970/x0/03a8aaf1-5afc-5184-963a-676641717f90"",""uri"":""/repositories/11/archival_objects/15898919"",""id"":""isad:lh:148588"",""nameWithContext"":[""Briefwisseling"",""Brieven aan Karel Jonckheere per correspondent"",""Van Vic van Saarloos tot South African Broadcasting Corporation""],""resourceName"":""Archief van Karel Jonckheere"",""resourceArk"":""ark:/24970/x0/a2531375-d447-5fa2-a568-b15c5b737c46"",""resourceURI"":""/repositories/11/resources/20226"",""resourceID"":""isad:lh:189"",""capacity"":""Brieven van Myriam Schroyens"",""isCapacity"":true,""orgID"":""lh"",""suggestType"":""archiveobject""}",ark:/24970/x0/03a8aaf1-5afc-5184-963a-676641717f90,,,,,,,,,,,,,,,,,,,,,,,,,,,,,,,,,
b8c9085c-1fe4-504f-9763-af6e0dce210a,tg:lhbr:259582_#1,e22_Items,1,,,,,,,,,,,,,,,lhbr,tr:lh:9770,tg:lhbr:259582_#1,,isad:lh:148588,,b8c9085c-1fe4-504f-9763-af6e0dce210a,J 416 / 72,,,,,,,,,,,,,,,,,,,,,,,,
b8c9085c-1fe4-504f-9763-af6e0dce210a,tg:lhbr:259582_#1,e22_Materials,1,,,,,,kenmerken.lhschrijfhs,in,,,,,,,,,,,,,,,,,,,,,ink,,,,,,,,,,,,,,,,,,
b8c9085c-1fe4-504f-9763-af6e0dce210a,tg:lhbr:259582_#1,e22_ObjectTypes,1,,,,,,kenmerken.lhtypebr,brbe,,,,,,,,,,,,,,,,,,,,,,,,,,,,,letters (correspondence),,,,,,,,,,
b8c9085c-1fe4-504f-9763-af6e0dce210a,tg:lhbr:259582_#1,e22_ProductionTechniques,1,,,,,,kenmerken.lhtypohs,hs,,,,,,,,,,,,,,,,,,,,,,,handwriting,,,,,,,,,,,,,,,,
b8c9085c-1fe4-504f-9763-af6e0dce210a,tg:lhbr:259582_#1,e22_UsageRestrictions,,,,,,,id/date,,,,,,,,,,,,,,,,,,,,,,,,,,,,,,,1967,permission required,,,,,,,,
