ResourceID,brocade.id,card,order,Acquisition Brocade ID,Acquisition Widget,Acquisition Identifier,Acquisition Number,Acquisition Number Type,source_field,source_code,Annotation,Annotation Language,Annotation Type,Archive Brocade ID,Archive Widget,Archive Identifier,Document status,dataset,adm.acquiredVia,adm.id_mat,mpm_place_holder,adm.isadPartOf,Plaatsingsnummer,adm.uuid_mat,Volgnummer,Source Note,Warehouse Location (begin),Warehouse Location (end),Source Note Type,Source Note Language,Material,Product stadium,Production Technique Type,Keeper,Object Number,Object Number Type,Object Identifier,Object Identifier Type,Object Type,source_date,Restriction Type,dams_uuid,db,Image Manifest,Image Manifest Type,Image URL,Image URL Type,museum,model
08410323-ac9d-5187-a0c2-bc7383ea5cda,tg:lhbr:185158_#1,AA,0,,,,,,,,,,,,,,,,,,,,,,,,,,,,,,,Letterenhuis,tg:lhbr:185158_#1,record identifiers,https://data.letterenhuis.be/ark:/24970/08410323-ac9d-5187-a0c2-bc7383ea5cda,object identifier,,,,,,,,,,,
08410323-ac9d-5187-a0c2-bc7383ea5cda,tg:lhbr:185158_#1,e22_AcquisitionNumbers,1,,,,72465/170,aanwinst nummer,,,,,,,,,,,,,,,,,,,,,,,,,,,,,,,,,,,,,,,,,
08410323-ac9d-5187-a0c2-bc7383ea5cda,tg:lhbr:185158_#1,e22_Acquisitions,1,tr:lh:3772,"dlod={""name"":""Archief van Nieuw Vlaams Tijdschrift (1946 - 1983)"",""ark"":""ark:/24970/x0/e113ba52-4192-5aab-b688-6e057380b4aa"",""uri"":""/repositories/11/accessions/403607"",""id"":""tr:lh:3772"",""date"":""1965-07-16"",""granter"":""Hubert Lampo"",""isCapacity"":false,""orgID"":""lh"",""suggestType"":""accessions""}",ark:/24970/x0/e113ba52-4192-5aab-b688-6e057380b4aa,,,,,,,,,,,,,,,,,,,,,,,,,,,,,,,,,,,,,,,,,,,
08410323-ac9d-5187-a0c2-bc7383ea5cda,tg:lhbr:185158_#1,e22_Archives,1,,,,,,,,,,,isad:lh:10561,"dlod={""name"":""1948"",""ark"":""ark:/24970/x0/c81df78a-e162-5617-8b3f-01cc7aced7fc"",""uri"":""/repositories/11/archival_objects/1130030"",""id"":""isad:lh:10561"",""nameWithContext"":[""Briefwisseling"",""Chronologisch""],""resourceName"":""Archief van Nieuw Vlaams Tijdschrift"",""resourceArk"":""ark:/24970/x0/3f7dc09e-29b6-5f56-a6ab-de9ca98a362e"",""resourceURI"":""/repositories/11/resources/47832"",""resourceID"":""isad:lh:447"",""capacity"":""1948"",""isCapacity"":true,""orgID"":""lh"",""suggestType"":""archiveobject""}",ark:/24970/x0/c81df78a-e162-5617-8b3f-01cc7aced7fc,,,,,,,,,,,,,,,,,,,,,,,,,,,,,,,,,
08410323-ac9d-5187-a0c2-bc7383ea5cda,tg:lhbr:185158_#1,e22_Items,1,,,,,,,,,,,,,,,lhbr,tr:lh:3772,tg:lhbr:185158_#1,72465/170,isad:lh:10561,T 48399 / B (1948),08410323-ac9d-5187-a0c2-bc7383ea5cda,,,,,,,,,,,,,,,,,,,,,,,,,
08410323-ac9d-5187-a0c2-bc7383ea5cda,tg:lhbr:185158_#1,e22_Materials,1,,,,,,kenmerken.lhschrijfhs,in,,,,,,,,,,,,,,,,,,,,,ink,,,,,,,,,,,,,,,,,,
08410323-ac9d-5187-a0c2-bc7383ea5cda,tg:lhbr:185158_#1,e22_ObjectTypes,1,,,,,,kenmerken.lhtypebr,brbk,,,,,,,,,,,,,,,,,,,,,,,,,,,,,postcards,,,,,,,,,,
08410323-ac9d-5187-a0c2-bc7383ea5cda,tg:lhbr:185158_#1,e22_ProductionTechniques,1,,,,,,kenmerken.lhtypohs,hs,,,,,,,,,,,,,,,,,,,,,,,handwriting,,,,,,,,,,,,,,,,
08410323-ac9d-5187-a0c2-bc7383ea5cda,tg:lhbr:185158_#1,e22_UsageRestrictions,,,,,,,id/date,,,,,,,,,,,,,,,,,,,,,,,,,,,,,,,1948,permission required,,,,,,,,
